01 01
02 01
02 02
02 03
03 01
03 02
03 03
03 04
03 05
03 06
03 07
03 08
04 01
04 02
04 03
04 04
04 05
04 06
04 07
04 08
04 09
04 10
04 11
04 12
04 13
04 14
04 15
04 16
04 17
04 18
04 19
04 20
04 21
04 22
05 01
05 02
05 03
05 04
05 05
05 06
05 07
05 08
05 09
05 10
05 11
05 12
05 13
05 14
05 15
05 16
05 17
05 18
05 19
05 20
05 21
05 22
05 23
05 24
05 25
05 26
05 27
05 28
05 29
05 30
05 31
05 32
05 33
05 34
05 35
06 001
06 002
06 003
06 004
06 005
06 006
06 007
06 008
06 009
06 010
06 011
06 012
06 013
06 014
06 015
06 016
06 017
06 018
06 019
06 020
06 021
06 022
06 023
06 024
06 025
06 026
06 027
06 028
06 029
06 030
06 031
06 032
06 033
06 034
06 035
06 036
06 037
06 038
06 039
06 040
06 041
06 042
06 043
06 044
06 045
06 046
06 047
06 048
06 049
06 050
06 051
06 052
06 053
06 054
06 055
06 056
06 057
06 058
06 059
06 060
06 061
06 062
06 063
06 064
06 065
07 01
07 02
07 03
07 04
07 05
07 06
07 07
07 08
07 09
07 10
07 11
07 12
07 13
07 14
07 15
07 16
07 17
07 18
07 19
07 20
07 21
07 22
07 23
07 24
07 25
07 26
07 27
07 28
07 29
07 30
07 31
07 32
07 33
07 34
07 35
07 36
07 37
07 38
07 39
07 40
07 41
07 42
07 43
07 44
07 45
07 46
07 47
07 48
07 49
07 50
07 51
07 52
07 53
07 54
07 55
07 56
07 57
07 58
07 59
07 60
07 61
07 62
07 63
07 64
07 65
07 66
07 67
07 68
07 69
07 70
07 71
07 72
07 73
07 74
07 75
07 76
07 77
07 78
07 79
07 80
07 81
07 82
08 001
08 002
08 003
08 004
08 005
08 006
08 007
08 008
08 009
08 010
08 011
08 012
08 013
08 014
08 015
08 016
08 017
08 018
08 019
08 020
08 021
08 022
08 023
08 024
08 025
08 026
08 027
08 028
08 029
08 030
08 031
08 032
08 033
08 034
08 035
08 036
08 037
08 038
08 039
08 040
08 041
08 042
08 043
08 044
08 045
08 046
08 047
08 048
08 049
08 050
08 051
08 052
08 053
08 054
08 055
08 056
08 057
08 058
08 059
08 060
08 061
08 062
08 063
08 064
08 065
08 066
08 067
08 068
08 069
08 070
08 071
08 072
08 073
08 074
08 075
08 076
08 077
08 078
08 079
08 080
08 081
08 082
08 083
08 084
08 085
08 086
08 087
08 088
08 089
08 090
08 091
08 092
08 093
08 094
08 095
08 096
08 097
09 01
09 02
09 03
09 04
09 05
09 06
09 07
09 08
09 09
09 10
09 11
09 12
09 13
09 14
09 15
09 16
09 17
09 18
09 19
09 20
09 21
09 22
09 23
09 24
09 25
09 26
09 27
09 28
09 29
09 30
09 31
09 32
09 33
09 34
09 35
09 36
09 37
09 38
09 39
09 40
09 41
09 42
09 43
09 44
09 45
09 46
09 47
09 48
09 49
09 50
09 51
09 52
09 53
09 54
09 55
09 56
09 57
09 58
09 59
09 60
09 61
09 62
09 63
09 64
09 65
09 66
09 67
09 68
09 69
09 70
09 71
09 72
09 73
09 74
09 75
09 76
09 77
09 78
09 79
09 80
09 81
09 82
10 001
10 002
10 003
10 004
10 005
10 006
10 007
10 008
10 009
10 010
10 011
10 012
10 013
10 014
10 015
10 016
10 017
10 018
10 019
10 020
10 021
10 022
10 023
10 024
10 025
10 026
10 027
10 028
10 029
10 030
10 031
10 032
10 033
10 034
10 035
10 036
10 037
10 038
10 039
10 040
10 041
10 042
10 043
10 044
10 045
10 046
10 047
10 048
10 049
10 050
10 051
10 052
10 053
10 054
10 055
10 056
10 057
10 058
10 059
10 060
10 061
10 062
10 063
10 064
10 065
11 01
11 02
11 03
11 04
11 05
11 06
11 07
11 08
11 09
11 10
11 11
11 12
11 13
11 14
11 15
11 16
11 17
11 18
11 19
11 20
11 21
11 22
11 23
11 24
11 25
11 26
11 27
11 28
11 29
11 30
11 31
11 32
11 33
11 34
11 35
12 01
12 02
12 03
12 04
12 05
12 06
12 07
12 08
12 09
12 10
12 11
12 12
12 13
12 14
12 15
12 16
12 17
12 18
12 19
12 20
12 21
12 22
13 01
13 02
13 03
13 04
13 05
13 06
13 07
13 08
14 01
14 02
14 03
15 01
16 01
